948
315 168
34 59
82 195
548 543
73 510
219 80
328 470
603 613
2 9
96 423
549 778
617 56
357 26
126 59
57 20
172 4
473 341
137 39
170 479
793 178
484 681
547 178
425 777
492 441
104 185
236 278
292 649
890 901
166 119
143 376
240 445
464 489
96 501
190 483
95 336
18 382
135 915
316 618
937 186
626 1
273 115
614 425
451 450
145 40
103 798
29 204
516 280
211 174
729 781
124 490
186 167
422 246
89 188
18 97
201 408
546 430
321 878
395 605
61 276
6 702
859 940
738 112
97 446
187 340
595 917
586 536
833 26
87 17
350 527
336 413
881 860
83 412
87 161
323 48
731 363
70 68
174 430
441 414
276 808
86 167
583 423
181 91
172 425
350 579
127 107
527 542
216 194
76 66
301 685
489 684
155 35
468 625
352 20
43 55
168 148
228 511
341 34
213 253
103 5
82 33
55 282
553 214
213 691
351 340
9 787
595 628
558 14
75 347
594 722
397 77
534 469
752 682
215 311
508 310
72 129
149 609
561 630
557 541
403 872
400 867
361 142
420 879
52 98
88 76
839 927
316 102
248 99
457 233
128 10
247 154
66 34
75 154
301 471
158 251
436 75
744 120
899 700
1 4
51 73
44 266
324 807
911 938
184 105
35 673
402 256
714 61
735 645
903 462
428 411
251 453
327 89
527 882
246 71
746 519
933 473
232 19
468 212
656 588
487 240
10 65
14 68
850 601
144 319
599 750
513 343
182 83
895 17
49 461
206 764
405 783
263 421
61 43
85 582
590 2
53 322
140 106
811 367
32 115
52 535
40 95
754 549
325 893
3 13
112 887
689 639
599 9
485 762
906 421
355 438
157 68
222 753
215 768
860 19
797 432
786 592
114 268
52 841
155 222
528 930
698 565
75 596
312 304
220 177
342 367
329 450
64 89
33 53
91 9
27 550
283 237
226 293
751 333
251 265
326 222
407 238
709 4
71 839
611 3
581 181
101 258
527 865
113 225
799 585
27 588
132 303
60 22
104 404
696 482
248 565
390 71
73 849
683 733
170 641
526 167
223 259
81 85
602 264
94 683
58 908
784 631
501 615
844 538
3 153
240 416
274 572
434 38
7 237
58 105
437 209
544 108
297 301
15 231
192 329
25 394
465 688
931 116
449 719
81 447
48 31
563 172
116 56
130 134
71 33
368 170
5 900
272 191
429 49
172 201
610 244
814 285
347 913
824 533
834 539
268 506
712 167
203 739
197 478
7 4
15 851
321 135
103 146
871 569
435 243
180 342
64 31
813 619
668 932
35 183
120 285
843 449
537 922
126 862
346 898
450 580
855 686
360 289
853 167
82 343
240 704
296 290
289 199
61 919
192 142
537 174
150 61
43 112
236 324
584 223
202 148
210 124
441 743
217 187
392 187
159 108
179 140
217 459
655 15
216 372
749 616
763 366
139 127
507 875
766 361
109 94
199 31
539 429
209 635
374 236
287 1
660 420
214 35
21 54
720 109
315 335
540 715
874 888
107 66
300 147
188 381
299 629
365 498
26 33
306 727
372 555
707 555
294 48
569 519
406 168
767 395
440 116
201 306
118 477
40 880
432 271
272 694
81 12
275 409
390 497
56 198
622 928
782 599
671 66
431 686
501 540
825 7
845 631
322 379
85 148
135 224
7 8
158 64
98 713
368 604
21 12
393 363
491 549
858 840
207 109
923 775
400 241
88 230
866 358
109 252
200 896
710 515
214 717
669 493
31 13
466 98
356 291
370 2
365 805
299 171
789 463
29 51
528 80
803 526
163 104
794 944
115 275
462 856
734 249
210 835
503 123
209 26
653 695
496 6
490 622
807 948
576 67
645 446
502 489
632 591
481 257
801 786
378 339
905 768
74 48
231 388
18 30
827 82
105 141
453 519
373 26
596 636
22 49
391 217
837 222
444 49
441 504
794 912
78 6
139 350
531 279
242 227
50 23
725 210
118 55
820 220
252 476
25 37
15 93
401 560
401 462
254 815
207 383
309 292
408 620
169 98
414 147
454 272
663 563
206 102
130 325
104 90
451 524
85 135
46 24
207 267
217 240
221 119
904 286
78 395
17 16
826 69
139 659
20 418
859 254
495 19
170 362
697 365
32 101
118 349
279 359
800 942
304 12
765 504
14 208
125 19
12 9
897 849
399 532
732 479
761 20
93 307
173 131
443 926
47 40
92 601
385 269
98 305
700 434
486 415
363 167
19 8
79 7
639 703
339 460
228 215
336 692
606 758
25 36
302 292
117 657
239 277
633 648
183 603
420 230
465 233
98 377
622 829
95 883
181 263
103 260
38 292
266 593
122 121
914 208
592 219
488 237
3 130
523 330
474 451
50 499
718 249
907 485
463 331
676 652
189 585
333 231
9 271
310 619
256 113
6 23
668 842
338 415
14 7
122 331
16 10
311 748
680 142
118 485
574 947
6 3
300 337
360 396
330 298
411 500
119 298
642 323
612 589
291 577
14 238
231 261
699 573
58 46
26 3
218 83
345 100
639 125
647 620
779 92
541 608
44 18
302 401
26 223
857 753
193 166
281 121
799 861
200 74
403 433
530 464
346 9
353 205
399 426
350 812
203 81
562 220
75 42
63 22
650 634
70 86
45 27
381 578
741 534
672 257
772 617
334 387
559 828
132 736
525 322
223 708
761 873
2 25
453 517
936 671
190 183
494 621
788 149
488 894
638 593
467 341
431 494
120 536
668 73
143 24
297 17
818 635
101 176
181 244
386 189
273 295
51 249
459 568
711 303
679 756
160 20
36 821
945 488
313 297
755 321
3 1
126 250
36 40
133 85
255 529
678 655
77 600
693 586
173 745
66 84
69 7
67 48
530 598
810 688
543 250
117 54
318 171
776 160
848 588
53 178
21 480
46 449
889 349
120 443
824 854
191 103
344 290
1 5
142 405
20 365
559 760
367 623
935 145
320 278
910 273
87 119
242 606
8 771
823 578
442 52
144 82
4 20
27 25
538 230
274 124
32 28
354 25
7 18
57 424
160 399
512 687
556 204
28 12
730 579
338 147
263 554
148 269
24 21
909 579
796 450
42 72
4 35
50 229
570 560
943 877
419 157
101 279
555 747
71 398
86 114
83 20
884 328
615 640
817 613
26 348
129 177
682 186
597 414
74 661
69 205
411 109
310 358
728 386
522 729
28 29
15 262
775 679
113 89
376 512
264 142
939 150
687 874
146 328
8 15
83 189
552 110
455 148
565 852
918 453
360 464
870 250
99 111
98 573
269 456
769 228
850 902
9 34
591 164
564 178
325 869
21 885
689 701
9 38
138 375
633 555
366 117
493 271
589 454
846 44
537 705
85 241
19 108
371 1
27 627
170 142
174 121
311 690
3 288
667 294
679 284
2 62
30 43
22 52
124 85
339 595
252 658
96 227
413 773
196 759
55 369
62 802
144 806
93 911
380 94
245 99
545 7
292 838
96 5
66 80
48 721
364 277
156 147
332 934
551 490
920 697
791 218
107 491
418 654
809 648
567 454
286 189
651 620
631 301
643 470
84 212
559 322
377 804
863 845
270 178
114 644
125 520
504 706
235 44
291 283
540 800
387 795
355 185
26 165
162 726
790 152
514 155
946 630
41 257
785 137
355 925
290 891
168 234
929 118
849 890
100 54
332 24
94 82
652 355
134 780
121 103
674 222
439 299
840 832
847 286
111 142
329 389
5 90
387 458
61 187
868 668
523 571
183 334
716 48
20 138
149 541
36 77
448 282
57 921
173 472
816 712
1 42
280 138
217 255
765 924
132 54
419 646
549 740
116 507
36 39
830 375
123 67
670 308
196 133
724 638
1 2
886 881
216 484
165 505
