3708.96238143
3795.99441143
3924.05299143
4080.15410143
4179.22251143
4335.32362143
4450.35056143
4587.40947143
4724.46838143
4852.56334143
4989.62225143
5117.71721143
5214.76997143
5317.77916143
5430.86322143
5533.87241143
5689.97352143
5876.05283143
6062.13214143
6225.19547143
6340.22241143
6526.30172143
6623.35448143
6724.40216143
6855.44265143
6984.48524143
7098.52817143
7211.61223143
7348.67114143
7449.71882143
7563.76175143
7710.83016143
7847.88907143
7944.94183143
8082.00074143
8210.09570143
8309.16411143
8446.22302143
8593.29143143
8706.37549143
8869.43882143
9016.50723143
9202.58654143
9317.61348143
9430.69754143
9543.78160143
9646.79079143
9802.89190143
9859.91336143
9988.00832143
10091.0175114
10238.0859214
10375.1448314
10522.2132414
10669.2816514
10772.2908414
10958.3701514
11059.4178314
11160.4655114
11261.5131914
11390.5557814
11518.6507414
11621.6599314
11692.6970414
11878.7763514
11993.8032914
12064.8404014
12151.8724314
12280.9150214
12395.9419614
12498.9511514
12613.9780914
12800.0574014
12914.1003314
13045.1408214
13144.2092314
13258.2521614
13371.3362214
13557.4155314
13670.4995914
13799.5421814
13930.5826714
14043.6667314
14172.7093214
14319.7777314
14420.8254114
14517.8781714
14620.8873614
